GC_eval,communication,IO_read,total_duration
265520,84543,491370,841561
