OT_communication,GC_communication,IO_write,total_duration
11902849,68451955,424,80355284
