encoding,communication,IO_read,total_duration
38329,19076,117909,177929
