encoding,communication,total_duration
1293954,16803,1310845
