random_gen,encryption,decryption,input_CT_communication,output_CT_communication,total_duration
227,58225,2422,11070,120080002,120152082
