random_gen,encryption,decryption,input_CT_communication,output_CT_communication,total_duration
1336,587030,34826,103004,39282770,40009106
