garbling,encoding,OT_communication,GC_communication,IO_write,total_duration
3966422,3300001,1935194,9261968,236,18477104
