random_gen,weight_encoding,HE_processing,input_CT_communication,output_CT_communication,total_duration
1172,1148638,22399395,33328,3031,23585756
