GC_eval,communication,IO_read,total_duration
624680,76341,4565835,6795711
