encoding,communication,IO_read,total_duration
72457,36185,238618,352568
