random_gen,encryption,decryption,input_CT_communication,output_CT_communication,total_duration
67,81293,27179,12959,5233141,5354774
