random_gen,encryption,decryption,input_CT_communication,output_CT_communication,total_duration
291,105062,4309,17927,23104817,23232535
