random_gen,weight_encoding,HE_processing,input_CT_communication,output_CT_communication,total_duration
18340,2057882,96689229,12439,44979,98823122
