random_gen,weight_encoding,HE_processing,input_CT_communication,output_CT_communication,total_duration
4895,1256759,18574970,161937,9413,20008184
