random_gen,weight_encoding,HE_processing,input_CT_communication,output_CT_communication,total_duration
4633,1118801,18584787,617159,10408,20335982
