random_gen,weight_encoding,HE_processing,input_CT_communication,output_CT_communication,total_duration
5704,12621,95655297,10778,43601,95728163
