random_gen,encryption,decryption,input_CT_communication,output_CT_communication,total_duration
235,57879,2433,10479,32310966,32382115
