encoding,communication,IO_read,total_duration
216786,535161,744651,1521216
