communication,total_duration
1610,1611
