GC_eval,communication,total_duration
123253,165835,289186
