server_gen_masks,server_processing,total_duration
5496,94997182,95073164
