server_gen_masks,server_processing,total_duration
1345,80474990,80618825
