random_gen,weight_encoding,HE_processing,input_CT_communication,output_CT_communication,total_duration
1194,1125850,21634258,33586,2919,22798000
