communication,total_duration
26144,26145
