random_gen,encryption,decryption,input_CT_communication,output_CT_communication,total_duration
1351,597577,17348,103945,36264873,36985217
