GC_eval,communication,IO_read,total_duration
219818,87089,6707739,10024692
