OT_communication,GC_communication,IO_write,total_duration
2700559,4361557,0,7319403
