GC_eval,communication,IO_read,total_duration
304607,91930,1746953,2143790
