plain_processing,communication,total_duration
19110,15821769,15840881
