random_gen,encryption,decryption,input_CT_communication,output_CT_communication,total_duration
15,5952,2127,1904,208798,218902
