plain_processing,communication,total_duration
164523,4866320,5030845
