GC_eval,communication,IO_read,total_duration
105019,44695,583221,733063
