random_gen,encryption,decryption,input_CT_communication,output_CT_communication,total_duration
653,246385,8898,38914,39385266,39680225
