client_gen_masks,client_encryption,client_decryption,total_duration
5302,207177,252839,58415194
