GC_eval,communication,IO_read,total_duration
228022,127480,1195388,1551091
