plain_processing,communication,total_duration
2453,1525777,1528232
