communication,total_duration
25230,25231
