client_gen_masks,client_encryption,client_decryption,total_duration
10199,530953,67879,141403893
