random_gen,encryption,decryption,input_CT_communication,output_CT_communication,total_duration
334,115460,4359,19496,42336091,42475852
