communication,total_duration
1477,1480
