client_gen_masks,client_encryption,client_decryption,total_duration
1291,576492,17091,83352263
