random_gen,weight_encoding,HE_processing,input_CT_communication,output_CT_communication,total_duration
19905,3968384,76101339,226225,66378,80382468
