plain_processing,communication,total_duration
2120,241695,243817
