garbling,encoding,OT_communication,GC_communication,IO_write,total_duration
110001,88605,3595260,6805284,265,10607878
