plain_processing,communication,total_duration
83488,2030072,2113563
