garbling,encoding,OT_communication,GC_communication,IO_write,total_duration
202794,237393,6454737,7994538,259,16173332
