plain_processing,communication,total_duration
171296,281116,452414
