plain_processing,communication,total_duration
16460,2519693,2536155
