server_processing_plain,total_duration
3312,851272
