GC_eval,communication,total_duration
165160,127116,292372
