garbling,encoding,OT_communication,GC_communication,IO_write,total_duration
4379733,4612306,2722302,8963583,0,21066607
