communication,total_duration
1320,1320
