random_gen,weight_encoding,HE_processing,input_CT_communication,output_CT_communication,total_duration
1190,1144243,21787175,32905,2902,22968629
