random_gen,encryption,decryption,input_CT_communication,output_CT_communication,total_duration
695,252154,17377,38768,78759248,79068371
