GC_eval,communication,total_duration
40233,588580,628909
