GC_eval,communication,IO_read,total_duration
270081,173265,0,443439
